acc_lr_001 = [10.563333333334171,10.950000000000898,13.528333333334635,23.716666666661336,28.456666666657025,37.473333333315495,52.17499999996879,65.82333333328971,72.78833333328338,77.70999999994557,80.7549999999428,83.21666666660722,84.82666666660576,86.15166666660456,87.06333333327039,87.79333333326973,88.31666666660259,88.71999999993555,89.14166666660184,89.49166666660152,89.77833333326792,90.00666666660105,90.25833333326749,90.42166666660067,90.59166666660052,90.80666666660032,91.01166666660014,91.12499999993337,91.25833333326658,91.44499999993307,91.58333333326628,91.65833333326621,91.75666666659946,91.87999999993268,92.01999999993255,92.16166666659909,92.16833333326575,92.32166666659894,92.35166666659892,92.49833333326545,92.53166666659875,92.68499999993195,92.73333333326524,92.8399999999318,92.92999999993172,92.988333333265,93.05833333326494,93.06166666659827,93.1366666665982,93.26666666659808,93.33833333326469,93.38499999993131,93.44999999993125,93.55666666659782,93.58833333326446,93.65999999993106,93.70166666659769,93.75499999993097,93.79833333326427,93.87999999993086,93.9399999999308,94.04666666659737,94.00499999993075,94.07666666659735,94.14333333326395,94.14833333326395,94.21333333326389,94.23833333326387,94.29833333326381,94.35833333326376,94.39166666659706,94.43999999993035,94.44833333326368,94.46499999993033,94.5666666665969,94.63499999993017,94.6483333332635,94.68666666659679,94.72999999993009,94.76666666659672,94.81999999993,94.87999999992995,94.88833333326328,94.92833333326324,94.96666666659654,94.9399999999299,95.02666666659648]
acc_lr_002 = [10.461666666667488,21.21666666666361,36.149999999983365,64.60999999995748,77.7899999999455,83.26833333327384,85.79333333327155,87.51999999993664,88.60333333326899,89.319999999935,89.93166666660112,90.33166666660075,90.66999999993378,91.06333333326675,91.36666666659981,91.6016666665996,91.83999999993272,92.02166666659922,92.26999999993232,92.37833333326556,92.54333333326541,92.68833333326528,92.83666666659848,93.01833333326498,93.04499999993162,93.22333333326479,93.361666666598,93.45499999993125,93.56499999993115,93.719999999931,93.77166666659762,93.87666666659753,93.9883333332641,94.0549999999307,94.11666666659731,94.25333333326385,94.3516666665971,94.39333333326373,94.47499999993032,94.60333333326354,94.60333333326354,94.7533333332634,94.78999999993003,94.85999999992997,94.99999999992984,94.99166666659652,95.12333333326306]
acc_lr_003 = [13.126666666667905,35.03499999998438,70.66499999995197,82.30333333327472,86.55333333327086,88.45999999993579,89.47166666660154,90.24666666660083,90.85166666660028,91.23999999993326,91.62499999993291,91.93499999993263,92.1799999999324,92.50333333326545,92.67499999993196,92.92833333326506,93.12833333326488,93.24333333326477,93.52333333326452,93.61666666659777,93.81833333326425,93.97333333326411,94.0499999999307,94.17499999993059,94.30499999993047,94.42999999993036,94.6099999999302,94.74333333326341,94.82499999993,94.93166666659657,95.09166666659642]
acc_lr_004 = [17.17833333333395,54.369999999966794,81.25666666660901,87.00499999993711,89.14999999993516,90.13666666660093,90.83333333326696,91.37166666659981,91.90666666659932,92.24666666659901,92.59499999993203,92.84666666659847,93.12833333326488,93.35833333326467,93.63499999993108,93.86499999993087,94.05166666659737,94.17333333326393,94.39166666659706,94.54666666659692,94.69333333326345,94.87166666659662,95.0116666665965]
acc_lr_005 = [20.784999999997336,69.18333333328665,85.77499999993823,88.8466666666021,90.27166666660081,91.07333333326675,91.62333333326625,92.13166666659912,92.53333333326542,92.95833333326503,93.30333333326472,93.5716666665978,93.89166666659752,94.07999999993068,94.29333333326382,94.53666666659693,94.77833333326338,94.85499999992997,95.03499999992981]
acc_lr_006 = [25.734999999992834,77.32999999994591,87.81666666660304,89.85333333326786,90.94833333326686,91.61333333326625,92.16833333326575,92.68833333326528,93.10499999993156,93.52999999993118,93.8399999999309,94.09166666659733,94.32666666659712,94.59499999993021,94.7816666665967,94.99999999992984,95.17833333326301]
acc_lr_007 = [31.67833333332076,81.5583333332754,88.93666666660202,90.51166666660059,91.40333333326645,92.21499999993237,92.75333333326522,93.23833333326478,93.729999999931,94.04833333326404,94.36166666659709,94.55833333326358,94.87333333326329,95.0449999999298]
acc_lr_008 = [36.651666666649575,84.26666666660627,89.67999999993468,91.0466666666001,91.898333333266,92.71833333326525,93.19999999993148,93.72166666659767,94.16666666659727,94.4283333332637,94.71833333326343,95.0066666665965]
acc_lr_009 = [41.15166666664548,86.07166666660463,90.2049999999342,91.45666666659973,92.27333333326565,93.08999999993158,93.52999999993118,93.94666666659747,94.36999999993041,94.64499999993016,94.95499999992988,95.2266666665963]
acc_lr_010 = [45.08333333330857,87.16999999993696,90.52166666660058,91.67666666659953,92.52666666659876,93.22166666659813,93.6916666665977,94.12833333326397,94.50499999993029,94.76166666659672,95.06333333326312]
    
e_lr_001 = [287.23757077543974, 621.0092345810791, 993.6748913486409, 1442.717936594484, 1873.2614416146907, 2337.926853592231, 2851.3801762936005, 3338.952976152551, 3786.177887185204, 4200.262402651373, 4592.817309085584, 4968.84840069974, 5328.410117785612, 5673.715533441898, 6012.421799541214, 6347.333736725758, 6673.397935841929, 6995.253937580259, 7314.55508228829, 7632.127044502615, 7942.232415618381, 8256.403898428109, 8570.132081345682, 8877.877201985904, 9184.788769137454, 9492.703366025697, 9801.535304375018, 10108.219481477225, 10406.976708929786, 10709.85516248813, 11010.67364273905, 11303.98859661082, 11600.604861998494, 11905.604821675048, 12200.48404284651, 12497.959001696478, 12791.451630468662, 13083.297535429858, 13380.323019460558, 13669.683547088569, 13966.6076021123, 14257.675420218991, 14545.88476280544, 14843.018732788329, 15131.881978253645, 15420.018381986132, 15706.82383942886, 15992.726146582547, 16280.828152599383, 16565.727313587897, 16846.92316046805, 17129.89049620831, 17411.58565921527, 17692.973148400444, 17972.52826667602, 18252.33480863228, 18527.947271444722, 18807.87106140874, 19082.315235638485, 19357.146740052038, 19631.050575304085, 19906.240241565483, 20181.84160473193, 20454.862201099237, 20735.51245769075, 21012.497199364887, 21285.943678205444, 21558.42255946191, 21834.277413530002, 22105.737078299724, 22371.13214653322, 22636.84632222162, 22906.894815758522, 23175.137250107808, 23449.96420701557, 23724.83590933489, 23992.14018233613, 24259.548934780007, 24521.669941805056, 24780.943491594895, 25046.692970814078, 25307.85072548744, 25572.18908307766, 25838.07335828731, 26102.071436229082, 26363.877363944364, 26622.28140820783]
e_lr_002 = [582.2606780110771, 1387.6521538340915, 2264.6738111989525, 3207.597293775918, 4001.8948655629074, 4724.267235771325, 5389.620564916237, 6037.013076279435, 6677.095729428619, 7292.005535353264, 7902.898599857917, 8509.319106343653, 9101.881905581422, 9685.40706712718, 10271.73263292549, 10855.67147176145, 11430.625835646679, 12007.265875885481, 12574.042289311883, 13143.048285265064, 13710.046056940726, 14273.723916549243, 14834.957208601549, 15390.6762883967, 15946.680850769435, 16502.77888585267, 17058.47675648886, 17611.11207578398, 18151.68346118, 18694.831800328753, 19229.09006166585, 19754.054513191986, 20291.609253962823, 20831.407564294892, 21363.34775314633, 21892.91667836935, 22422.843651230032, 22942.828080630803, 23472.96435099015, 23989.926369544646, 24516.35455555682, 25033.285295673944, 25541.2151454188, 26068.97100161871, 26583.66915640548, 27098.891414649184, 27607.109729244872]
