acc_lr_001 = [10.563333333334171,10.950000000000898,13.528333333334635,23.716666666661336,28.456666666657025,37.473333333315495,52.17499999996879,65.82333333328971,72.78833333328338,77.70999999994557,80.7549999999428,83.21666666660722,84.82666666660576,86.15166666660456,87.06333333327039,87.79333333326973,88.31666666660259,88.71999999993555,89.14166666660184,89.49166666660152,89.77833333326792,90.00666666660105,90.25833333326749,90.42166666660067,90.59166666660052,90.80666666660032,91.01166666660014,91.12499999993337,91.25833333326658,91.44499999993307,91.58333333326628,91.65833333326621,91.75666666659946,91.87999999993268,92.01999999993255,92.16166666659909,92.16833333326575,92.32166666659894,92.35166666659892,92.49833333326545,92.53166666659875,92.68499999993195,92.73333333326524,92.8399999999318,92.92999999993172,92.988333333265,93.05833333326494,93.06166666659827,93.1366666665982,93.26666666659808,93.33833333326469,93.38499999993131,93.44999999993125,93.55666666659782,93.58833333326446,93.65999999993106,93.70166666659769,93.75499999993097,93.79833333326427,93.87999999993086,93.9399999999308,94.04666666659737,94.00499999993075,94.07666666659735,94.14333333326395,94.14833333326395,94.21333333326389,94.23833333326387,94.29833333326381,94.35833333326376,94.39166666659706,94.43999999993035,94.44833333326368,94.46499999993033,94.5666666665969,94.63499999993017,94.6483333332635,94.68666666659679,94.72999999993009,94.76666666659672,94.81999999993,94.87999999992995,94.88833333326328,94.92833333326324,94.96666666659654,94.9399999999299,95.02666666659648]
acc_lr_002 = [10.461666666667488,21.21666666666361,36.149999999983365,64.60999999995748,77.7899999999455,83.26833333327384,85.79333333327155,87.51999999993664,88.60333333326899,89.319999999935,89.93166666660112,90.33166666660075,90.66999999993378,91.06333333326675,91.36666666659981,91.6016666665996,91.83999999993272,92.02166666659922,92.26999999993232,92.37833333326556,92.54333333326541,92.68833333326528,92.83666666659848,93.01833333326498,93.04499999993162,93.22333333326479,93.361666666598,93.45499999993125,93.56499999993115,93.719999999931,93.77166666659762,93.87666666659753,93.9883333332641,94.0549999999307,94.11666666659731,94.25333333326385,94.3516666665971,94.39333333326373,94.47499999993032,94.60333333326354,94.60333333326354,94.7533333332634,94.78999999993003,94.85999999992997,94.99999999992984,94.99166666659652,95.12333333326306]
acc_lr_003 = [13.126666666667905,35.03499999998438,70.66499999995197,82.30333333327472,86.55333333327086,88.45999999993579,89.47166666660154,90.24666666660083,90.85166666660028,91.23999999993326,91.62499999993291,91.93499999993263,92.1799999999324,92.50333333326545,92.67499999993196,92.92833333326506,93.12833333326488,93.24333333326477,93.52333333326452,93.61666666659777,93.81833333326425,93.97333333326411,94.0499999999307,94.17499999993059,94.30499999993047,94.42999999993036,94.6099999999302,94.74333333326341,94.82499999993,94.93166666659657,95.09166666659642]
acc_lr_004 = [17.17833333333395,54.369999999966794,81.25666666660901,87.00499999993711,89.14999999993516,90.13666666660093,90.83333333326696,91.37166666659981,91.90666666659932,92.24666666659901,92.59499999993203,92.84666666659847,93.12833333326488,93.35833333326467,93.63499999993108,93.86499999993087,94.05166666659737,94.17333333326393,94.39166666659706,94.54666666659692,94.69333333326345,94.87166666659662,95.0116666665965]
acc_lr_005 = [20.784999999997336,69.18333333328665,85.77499999993823,88.8466666666021,90.27166666660081,91.07333333326675,91.62333333326625,92.13166666659912,92.53333333326542,92.95833333326503,93.30333333326472,93.5716666665978,93.89166666659752,94.07999999993068,94.29333333326382,94.53666666659693,94.77833333326338,94.85499999992997,95.03499999992981]
acc_lr_006 = [25.734999999992834,77.32999999994591,87.81666666660304,89.85333333326786,90.94833333326686,91.61333333326625,92.16833333326575,92.68833333326528,93.10499999993156,93.52999999993118,93.8399999999309,94.09166666659733,94.32666666659712,94.59499999993021,94.7816666665967,94.99999999992984,95.17833333326301]
acc_lr_007 = [31.67833333332076,81.5583333332754,88.93666666660202,90.51166666660059,91.40333333326645,92.21499999993237,92.75333333326522,93.23833333326478,93.729999999931,94.04833333326404,94.36166666659709,94.55833333326358,94.87333333326329,95.0449999999298]
acc_lr_008 = [36.651666666649575,84.26666666660627,89.67999999993468,91.0466666666001,91.898333333266,92.71833333326525,93.19999999993148,93.72166666659767,94.16666666659727,94.4283333332637,94.71833333326343,95.0066666665965]
acc_lr_009 = [41.15166666664548,86.07166666660463,90.2049999999342,91.45666666659973,92.27333333326565,93.08999999993158,93.52999999993118,93.94666666659747,94.36999999993041,94.64499999993016,94.95499999992988,95.2266666665963]
acc_lr_010 = [45.08333333330857,87.16999999993696,90.52166666660058,91.67666666659953,92.52666666659876,93.22166666659813,93.6916666665977,94.12833333326397,94.50499999993029,94.76166666659672,95.06333333326312]
    
e_lr_001 = [122.19798574725439, 451.7832328896793, 1158.6806376443694, 2259.7642728276137, 3475.0794164797635, 4747.941957836798, 6102.528487642219, 7518.328123477547, 8933.190924913879, 10348.798700783918, 11753.789339270752, 13158.515998550993, 14558.138163498214, 15944.950149264796, 17336.977091002907, 18713.90661380741, 20093.259684900164, 21462.446729060583, 22833.699603055844, 24201.041325588052, 25559.286048941347, 26921.804078400015, 28287.199831571885, 29654.209877161953, 31021.357789823167, 32377.18065616286, 33731.37443486231, 35090.06608031493, 36443.029522981284, 37798.016541306795, 39148.55071109593, 40494.982954605206, 41852.46549019715, 43208.16106832473, 44556.51107047243, 45902.4610975415, 47257.80406661689, 48614.63268233069, 49963.25183828101, 51311.837705858656, 52665.19791652524, 54021.23746342055, 55375.919633553916, 56730.66360184875, 58084.04452407721, 59433.37868685877, 60784.64232474738, 62137.85316565688, 63499.27500041504, 64851.661615444, 66198.79780671286, 67549.29704569513, 68903.72103183773, 70258.30070791805, 71615.67832650883, 72973.61535361946, 74334.73827329844, 75701.76349789421, 77066.14617550214, 78435.74936698042, 79801.99211063767, 81167.81190847767, 82524.58458400895, 83890.06257498464, 85254.46737969383, 86619.41307639181, 87983.60763081873, 89354.31924836962, 90722.82874163319, 92088.56931900859, 93455.74779253025, 94833.16871052718, 96208.67368630249, 97580.50805478245, 98951.83708462585, 100315.54262233672, 101673.36550764841, 103036.44602878465, 104403.57738818307, 105770.44929871807, 107135.33744978823, 108501.4195621598, 109872.02624653206, 111239.19753548774, 112609.84187126138, 113980.9051429163, 115347.00905927256]
e_lr_002 = [359.4905072139153, 1537.4667613023935, 2970.99118467574, 4570.85056258451, 6102.3883848539945, 7578.837182561817, 9024.4508815519, 10438.688794552952, 11827.648016355919, 13214.308748267626, 14584.458130975867, 15957.008096479789, 17314.952394678126, 18672.543496143742, 20015.04643457674, 21367.10145335067, 22715.95603029874, 24070.177931813927, 25411.64832657207, 26753.261770427966, 28096.981830665685, 29446.146648510385, 30799.09832022643, 32143.900777253435, 33493.32902366198, 34838.808688439596, 36187.43159807877, 37535.46877185367, 38880.479134272304, 40226.38110905974, 41575.1570358115, 42922.899283243845, 44267.41297786474, 45614.25566664704, 46962.97184218897, 48303.60401452519, 49658.377171070766, 51013.042850647136, 52358.48349684615, 53703.48153098331, 55058.072985294006, 56413.319208763576, 57757.70635375171, 59117.459412698525, 60473.59630570999, 61835.21647933391, 63186.442195699885]
