acc_lr_001 = [10.563333333334171,10.950000000000898,13.528333333334635,23.716666666661336,28.456666666657025,37.473333333315495,52.17499999996879,65.82333333328971,72.78833333328338,77.70999999994557,80.7549999999428,83.21666666660722,84.82666666660576,86.15166666660456,87.06333333327039,87.79333333326973,88.31666666660259,88.71999999993555,89.14166666660184,89.49166666660152,89.77833333326792,90.00666666660105,90.25833333326749,90.42166666660067,90.59166666660052,90.80666666660032,91.01166666660014,91.12499999993337,91.25833333326658,91.44499999993307,91.58333333326628,91.65833333326621,91.75666666659946,91.87999999993268,92.01999999993255,92.16166666659909,92.16833333326575,92.32166666659894,92.35166666659892,92.49833333326545,92.53166666659875,92.68499999993195,92.73333333326524,92.8399999999318,92.92999999993172,92.988333333265,93.05833333326494,93.06166666659827,93.1366666665982,93.26666666659808,93.33833333326469,93.38499999993131,93.44999999993125,93.55666666659782,93.58833333326446,93.65999999993106,93.70166666659769,93.75499999993097,93.79833333326427,93.87999999993086,93.9399999999308,94.04666666659737,94.00499999993075,94.07666666659735,94.14333333326395,94.14833333326395,94.21333333326389,94.23833333326387,94.29833333326381,94.35833333326376,94.39166666659706,94.43999999993035,94.44833333326368,94.46499999993033,94.5666666665969,94.63499999993017,94.6483333332635,94.68666666659679,94.72999999993009,94.76666666659672,94.81999999993,94.87999999992995,94.88833333326328,94.92833333326324,94.96666666659654,94.9399999999299,95.02666666659648]
acc_lr_002 = [10.461666666667488,21.21666666666361,36.149999999983365,64.60999999995748,77.7899999999455,83.26833333327384,85.79333333327155,87.51999999993664,88.60333333326899,89.319999999935,89.93166666660112,90.33166666660075,90.66999999993378,91.06333333326675,91.36666666659981,91.6016666665996,91.83999999993272,92.02166666659922,92.26999999993232,92.37833333326556,92.54333333326541,92.68833333326528,92.83666666659848,93.01833333326498,93.04499999993162,93.22333333326479,93.361666666598,93.45499999993125,93.56499999993115,93.719999999931,93.77166666659762,93.87666666659753,93.9883333332641,94.0549999999307,94.11666666659731,94.25333333326385,94.3516666665971,94.39333333326373,94.47499999993032,94.60333333326354,94.60333333326354,94.7533333332634,94.78999999993003,94.85999999992997,94.99999999992984,94.99166666659652,95.12333333326306]
acc_lr_003 = [13.126666666667905,35.03499999998438,70.66499999995197,82.30333333327472,86.55333333327086,88.45999999993579,89.47166666660154,90.24666666660083,90.85166666660028,91.23999999993326,91.62499999993291,91.93499999993263,92.1799999999324,92.50333333326545,92.67499999993196,92.92833333326506,93.12833333326488,93.24333333326477,93.52333333326452,93.61666666659777,93.81833333326425,93.97333333326411,94.0499999999307,94.17499999993059,94.30499999993047,94.42999999993036,94.6099999999302,94.74333333326341,94.82499999993,94.93166666659657,95.09166666659642]
acc_lr_004 = [17.17833333333395,54.369999999966794,81.25666666660901,87.00499999993711,89.14999999993516,90.13666666660093,90.83333333326696,91.37166666659981,91.90666666659932,92.24666666659901,92.59499999993203,92.84666666659847,93.12833333326488,93.35833333326467,93.63499999993108,93.86499999993087,94.05166666659737,94.17333333326393,94.39166666659706,94.54666666659692,94.69333333326345,94.87166666659662,95.0116666665965]
acc_lr_005 = [20.784999999997336,69.18333333328665,85.77499999993823,88.8466666666021,90.27166666660081,91.07333333326675,91.62333333326625,92.13166666659912,92.53333333326542,92.95833333326503,93.30333333326472,93.5716666665978,93.89166666659752,94.07999999993068,94.29333333326382,94.53666666659693,94.77833333326338,94.85499999992997,95.03499999992981]
acc_lr_006 = [25.734999999992834,77.32999999994591,87.81666666660304,89.85333333326786,90.94833333326686,91.61333333326625,92.16833333326575,92.68833333326528,93.10499999993156,93.52999999993118,93.8399999999309,94.09166666659733,94.32666666659712,94.59499999993021,94.7816666665967,94.99999999992984,95.17833333326301]
acc_lr_007 = [31.67833333332076,81.5583333332754,88.93666666660202,90.51166666660059,91.40333333326645,92.21499999993237,92.75333333326522,93.23833333326478,93.729999999931,94.04833333326404,94.36166666659709,94.55833333326358,94.87333333326329,95.0449999999298]
acc_lr_008 = [36.651666666649575,84.26666666660627,89.67999999993468,91.0466666666001,91.898333333266,92.71833333326525,93.19999999993148,93.72166666659767,94.16666666659727,94.4283333332637,94.71833333326343,95.0066666665965]
acc_lr_009 = [41.15166666664548,86.07166666660463,90.2049999999342,91.45666666659973,92.27333333326565,93.08999999993158,93.52999999993118,93.94666666659747,94.36999999993041,94.64499999993016,94.95499999992988,95.2266666665963]
acc_lr_010 = [45.08333333330857,87.16999999993696,90.52166666660058,91.67666666659953,92.52666666659876,93.22166666659813,93.6916666665977,94.12833333326397,94.50499999993029,94.76166666659672,95.06333333326312]

e_lr_001 = [99.83999150482477, 208.78444079568504, 361.6080397223564, 616.7339799283953, 860.4451514092646, 1138.9126840810486, 1477.019100899017, 1804.332805529363, 2129.3019162842807, 2427.815229920581, 2706.631232190699, 2987.8283753176565, 3257.6346216863294, 3506.4298287173015, 3767.0036739780244, 4012.061735476711, 4246.762158764456, 4487.533891669906, 4716.412760177207, 4949.447518128069, 5180.952788224558, 5411.819266133746, 5642.148714866845, 5851.796385066062, 6082.319421887511, 6307.994276546857, 6544.604734333282, 6777.834734383232, 7007.777383331367, 7221.626511976469, 7449.948711631951, 7659.604524723331, 7885.920439116994, 8116.535337204998, 8324.001824902734, 8552.405361202773, 8779.045586574886, 8981.61398029808, 9214.024575852462, 9429.14924099246, 9651.30287711795, 9863.15361271117, 10075.952721996135, 10304.712025540373, 10521.318801035979, 10728.400931507565, 10947.344268021327, 11158.25849432691, 11372.358859549593, 11580.154911120551, 11793.034649217012, 11994.934689666326, 12203.668691118815, 12407.036832093114, 12618.380668177748, 12835.3119251122, 13038.289504562128, 13241.450896300317, 13454.542399419424, 13659.531720652718, 13864.129007361638, 14075.095397784107, 14277.897356177267, 14487.12468077968, 14697.13435073762, 14908.627091882607, 15110.837831058838, 15318.13870704178, 15527.142369141297, 15734.029144416254, 15933.424017718873, 16146.122896633298, 16351.352302374686, 16556.725236877137, 16756.358045611607, 16968.026865186763, 17164.67064517398, 17362.917527482296, 17557.010499405238, 17756.830246434016, 17966.613021648824, 18157.297693372537, 18351.251981877755, 18546.668083133278, 18748.05748316575, 18949.41897573196, 19136.384803325367]
e_lr_002 = [204.86412886809563, 637.589614686474, 1174.8791203386054, 1834.5260806230322, 2399.159378766276, 2923.8945216668817, 3417.7117214532095, 3873.115369900872, 4354.9872022913205, 4814.6898183549865, 5266.586592584052, 5725.805375252578, 6163.449961237009, 6592.461513805855, 7034.476074739717, 7478.894434650492, 7886.137927150129, 8315.266307316371, 8743.855620581282, 9170.792979218435, 9601.939913791244, 10035.219539504773, 10464.968711046933, 10875.975278055423, 11292.937640754953, 11720.894203429429, 12150.768992610367, 12554.9890371614, 12970.867731092556, 13376.126945793494, 13802.74146684596, 14185.865631281464, 14599.331699302813, 15022.517395928502, 15443.948976948912, 15854.145427358872, 16262.190915699564, 16682.990676717964, 17068.170592686743, 17451.74847824599, 17862.82952649885, 18267.109924772314, 18671.832339511016, 19086.769111059053, 19494.781190404607, 19864.600623378552, 20258.65384566423]
